pressurec2,energy_densityc2,baryon_density
9.370883192000000195e-01,1.440786571999999869e+05,1.440786571999999869e+05
1.099052066999999910e+00,1.584150025000000023e+05,1.584150025000000023e+05
1.288338672999999934e+00,1.741776555999999982e+05,1.741776555999999982e+05
1.509324574000000085e+00,1.915095860000000102e+05,1.915095860000000102e+05
1.768168865999999895e+00,2.105644591000000073e+05,2.105644591000000073e+05
2.069866567000000046e+00,2.315160844999999972e+05,2.315160844999999972e+05
2.422780143999999858e+00,2.545534243000000133e+05,2.545534243000000133e+05
2.834450257999999945e+00,2.798832674000000115e+05,2.798832674000000115e+05
3.314414150000000170e+00,3.077320116999999736e+05,3.077320116999999736e+05
3.875221760000000071e+00,3.383527951999999932e+05,3.383527951999999932e+05
4.527372964999999638e+00,3.720201479999999865e+05,3.720201479999999865e+05
5.288997437999999995e+00,4.090371224999999977e+05,4.090371224999999977e+05
6.174695179999999617e+00,4.497370765000000247e+05,4.497370765000000247e+05
7.205822480000000141e+00,4.944890210000000079e+05,4.944890210000000079e+05
8.407087031999999738e+00,5.436922722999999532e+05,5.436922722999999532e+05
9.800879071000000664e+00,5.977924958999999799e+05,5.977924958999999799e+05
1.142534756000000051e+01,6.572745757000000449e+05,6.572745757000000449e+05
1.330828419999999923e+01,7.226768756999999750e+05,7.226768756999999750e+05
1.549712562000000027e+01,7.945858917000000365e+05,7.945858917000000365e+05
1.803822103999999982e+01,8.736505126000000164e+05,8.736505126000000164e+05
2.098050450999999939e+01,9.605838031999999657e+05,9.605838031999999657e+05
2.440089791000000119e+01,1.056166568999999901e+06,1.056166568999999901e+06
2.835270282999999836e+01,1.161259837000000058e+06,1.161259837000000058e+06
3.293877884999999850e+01,1.276811980999999912e+06,1.276811980999999912e+06
3.824255456000000208e+01,1.403860513000000035e+06,1.403860513000000035e+06
4.437188099000000108e+01,1.543553465000000084e+06,1.543553465000000084e+06
5.147507561999999837e+01,1.697145831999999937e+06,1.697145831999999937e+06
5.965713723999999729e+01,1.866019178000000073e+06,1.866019178000000073e+06
6.913341140999999368e+01,2.051701242000000086e+06,2.051701242000000086e+06
8.004989813000000254e+01,2.255851683000000194e+06,2.255851683000000194e+06
9.264422623000000101e+01,2.480324470999999903e+06,2.480324470999999903e+06
1.071868254999999976e+02,2.727134012000000104e+06,2.727134012000000104e+06
1.238946459999999945e+02,2.998508634000000078e+06,2.998508634000000078e+06
1.432010526999999911e+02,3.296890583999999799e+06,3.296890583999999799e+06
1.653575792999999976e+02,3.624953853999999817e+06,3.624953853999999817e+06
1.908820890000000077e+02,3.985657665000000037e+06,3.985657665000000037e+06
2.202371826000000112e+02,4.382264286000000313e+06,4.382264286000000313e+06
2.538974047000000098e+02,4.818321214999999851e+06,4.818321214999999851e+06
2.926863452000000052e+02,5.297785961000000127e+06,5.297785961000000127e+06
3.370568000000000097e+02,5.824972566999999806e+06,5.824972566999999806e+06
3.880961930999999936e+02,6.404605086000000127e+06,6.404605086000000127e+06
4.465710690000000227e+02,7.041906718000000343e+06,7.041906718000000343e+06
5.135207195000000411e+02,7.742653286999999546e+06,7.742653286999999546e+06
5.904425807999999734e+02,8.513119763000000268e+06,8.513119763000000268e+06
6.782048091000000341e+02,9.360258527000000700e+06,9.360258527000000700e+06
7.790089920000000347e+02,1.029169936999999918e+07,1.029169936999999918e+07
8.940851661000000377e+02,1.131583864000000060e+07,1.131583864000000060e+07
1.025716920999999957e+03,1.244189268999999948e+07,1.244189268999999948e+07
1.176467724999999973e+03,1.368000485999999940e+07,1.368000485999999940e+07
1.348166590000000042e+03,1.504131680000000075e+07,1.504131680000000075e+07
1.545049119000000019e+03,1.653811103999999911e+07,1.653811103999999911e+07
1.769135068000000047e+03,1.818386451000000164e+07,1.818386451000000164e+07
2.025317845999999918e+03,1.999344462000000104e+07,1.999344462000000104e+07
2.317745704999999816e+03,2.198307357000000030e+07,2.198307357000000030e+07
2.650515202999999929e+03,2.417057800000000000e+07,2.417057800000000000e+07
3.031345265999999810e+03,2.657592371000000089e+07,2.657592371000000089e+07
3.463836870999999974e+03,2.922068091000000015e+07,2.922068091000000015e+07
3.958026405000000068e+03,3.212855901000000164e+07,3.212855901000000164e+07
4.520456237000000328e+03,3.532576314000000060e+07,3.532576314000000060e+07
5.160271421999999802e+03,3.884135068999999762e+07,3.884135068999999762e+07
5.890895403999999871e+03,4.270669650000000000e+07,4.270669650000000000e+07
6.719458832000000257e+03,4.695674075999999791e+07,4.695674075999999791e+07
7.665677945000000364e+03,5.162963240999999642e+07,5.162963240999999642e+07
8.739803051000000778e+03,5.676779882999999821e+07,5.676779882999999821e+07
9.961906920999999784e+03,6.241723267000000179e+07,6.241723267000000179e+07
1.135407674000000043e+04,6.862909635999999940e+07,6.862909635999999940e+07
1.293194643999999971e+04,7.545900892000000179e+07,7.545900892000000179e+07
1.473223888000000079e+04,8.296882873000000417e+07,8.296882873000000417e+07
1.677190714999999909e+04,9.122594042000000179e+07,9.122594042000000179e+07
1.909320034999999916e+04,1.003048592000000030e+08,1.003048592000000030e+08
2.173118344000000070e+04,1.102875877000000030e+08,1.102875877000000030e+08
2.472106398999999874e+04,1.212637935999999940e+08,1.212637935999999940e+08
2.812826569999999992e+04,1.333324147000000030e+08,1.333324147000000030e+08
3.198345033999999941e+04,1.466023715999999940e+08,1.466023715999999940e+08
3.637147262000000046e+04,1.611931028000000119e+08,1.611931028000000119e+08
4.134741679999999906e+04,1.772359904000000060e+08,1.772359904000000060e+08
4.698936346999999660e+04,1.948752516999999881e+08,1.948752516999999881e+08
5.340855073000000266e+04,2.142706131999999881e+08,2.142706131999999881e+08
6.066683694999999716e+04,2.355983803000000119e+08,2.355983803000000119e+08
6.892769221999999718e+04,2.590457323000000119e+08,2.590457323000000119e+08
7.827793219000000681e+04,2.848301541000000238e+08,2.848301541000000238e+08
8.888530534000000625e+04,3.131798265000000000e+08,3.131798265000000000e+08
1.009323561999999947e+05,3.443514526000000238e+08,3.443514526000000238e+08
1.145522497000000003e+05,3.786249103999999762e+08,3.786249103999999762e+08
1.300458991999999998e+05,4.163121658000000119e+08,4.163121658000000119e+08
1.475575218999999925e+05,4.577501418000000119e+08,4.577501418000000119e+08
1.674347368999999890e+05,5.033131975000000000e+08,5.033131975000000000e+08
1.899658007999999973e+05,5.534113450000000000e+08,5.534113450000000000e+08
2.154453874000000069e+05,6.084973806000000238e+08,6.084973806000000238e+08
2.444047300999999861e+05,6.690668842000000477e+08,6.690668842000000477e+08
2.771023147999999928e+05,7.356671330000000000e+08,7.356671330000000000e+08
3.142315970000000088e+05,8.088971015000000000e+08,8.088971015000000000e+08
3.562382421999999788e+05,8.894181572000000477e+08,8.894181572000000477e+08
4.037675739000000176e+05,9.779540607999999523e+08,9.779540607999999523e+08
4.577127059000000008e+05,1.075307010000000000e+09,1.075307010000000000e+09
5.185941753000000026e+05,1.182350510000000000e+09,1.182350510000000000e+09
5.877204560999999521e+05,1.300052545000000000e+09,1.300052545000000000e+09
6.658010476000000490e+05,1.429473799000000000e+09,1.429473799000000000e+09
7.541979035999999614e+05,1.571780134000000000e+09,1.571780134000000000e+09
8.543567628000000259e+05,1.728256848000000000e+09,1.728256848000000000e+09
9.673810929999999935e+05,1.900317593000000000e+09,1.900317593000000000e+09
1.095647182999999961e+06,2.089493674000000000e+09,2.089493674000000000e+09
1.240336935999999987e+06,2.297530319000000000e+09,2.297530319000000000e+09
1.404211696999999927e+06,2.526263668000000000e+09,2.526263668000000000e+09
1.589549708000000101e+06,2.777797263000000000e+09,2.777797263000000000e+09
1.798723691000000108e+06,3.054359431000000000e+09,3.054359431000000000e+09
2.035889030999999959e+06,3.358463726000000000e+09,3.358463726000000000e+09
2.303127876999999862e+06,3.692855446000000000e+09,3.692855446000000000e+09
2.605859521999999881e+06,4.060547291000000000e+09,4.060547291000000000e+09
2.947595810000000056e+06,4.464855012000000000e+09,4.464855012000000000e+09
3.333399500000000000e+06,4.909433065000000000e+09,4.909433065000000000e+09
3.770151666999999899e+06,5.398274613000000000e+09,5.398274613000000000e+09
4.262005912999999709e+06,5.935818484000000000e+09,5.935818484000000000e+09
4.818998626000000164e+06,6.526895693000000000e+09,6.526895693000000000e+09
5.446638230000000447e+06,7.176854224000000000e+09,7.176854224000000000e+09
6.155424605000000447e+06,7.891541209000000000e+09,7.891541209000000000e+09
6.956338946000000462e+06,8.677427711000000000e+09,8.677427711000000000e+09
7.857920205000000075e+06,9.541590897000000000e+09,9.541590897000000000e+09
8.878084134999999776e+06,1.049183883000000000e+10,1.049183883000000000e+10
1.002588666000000015e+07,1.153672828000000000e+10,1.153672828000000000e+10
1.132211360999999940e+07,1.268572518000000000e+10,1.268572518000000000e+10
1.278375375999999978e+07,1.394918681000000000e+10,1.394918681000000000e+10
1.442877633999999985e+07,1.533852219000000000e+10,1.533852219000000000e+10
1.628762922000000067e+07,1.686626345000000000e+10,1.686626345000000000e+10
1.837621373000000045e+07,1.854627968000000000e+10,1.854627968000000000e+10
2.073414064000000060e+07,2.039365221000000000e+10,2.039365221000000000e+10
2.338709808999999985e+07,2.242499546000000000e+10,2.242499546000000000e+10
2.637252198000000045e+07,2.465884909000000000e+10,2.465884909000000000e+10
2.973943553000000119e+07,2.711517893000000000e+10,2.711517893000000000e+10
3.351832223999999836e+07,2.981626826000000000e+10,2.981626826000000000e+10
3.778084511999999732e+07,3.278671779000000000e+10,3.278671779000000000e+10
4.256640100999999791e+07,3.605308920000000000e+10,3.605308920000000000e+10
4.794932690999999642e+07,3.964479641000000000e+10,3.964479641000000000e+10
5.400627727000000328e+07,4.359481867000000000e+10,4.359481867000000000e+10
6.079786260000000149e+07,4.793827440000000000e+10,4.793827440000000000e+10
6.844708656999999285e+07,5.271456045000000000e+10,5.271456045000000000e+10
7.701705543000000715e+07,5.796699549000000000e+10,5.796699549000000000e+10
8.665002556999999285e+07,6.374299833000000000e+10,6.374299833000000000e+10
9.745990910999999940e+07,7.009480098000000000e+10,7.009480098000000000e+10
1.095691749000000060e+08,7.707962686000000000e+10,7.707962686000000000e+10
1.231783724000000060e+08,8.476093875000000000e+10,8.476093875000000000e+10
1.383957093000000119e+08,9.320772566000000000e+10,9.320772566000000000e+10
1.554777105000000000e+08,1.024968203000000000e+11,1.024968203000000000e+11
1.745912331999999881e+08,1.127118296000000000e+11,1.127118296000000000e+11
1.959787194000000060e+08,1.239452736000000000e+11,1.239452736000000000e+11
2.199466086999999881e+08,1.362989423000000000e+11,1.362989423000000000e+11
2.466936680000000000e+08,1.498840739000000000e+11,1.498840739000000000e+11
2.766584320000000000e+08,1.648242068000000000e+11,1.648242068000000000e+11
3.100869080000000000e+08,1.812539320000000000e+11,1.812539320000000000e+11
3.474283270000000000e+08,1.993212105000000000e+11,1.993212105000000000e+11
3.891283543000000119e+08,2.191907601000000000e+11,2.191907601000000000e+11
4.355363918000000119e+08,2.410426297000000000e+11,2.410426297000000000e+11
4.874332451999999881e+08,2.650729122000000000e+11,2.650729122000000000e+11
5.453572785000000000e+08,2.914990923000000000e+11,2.914990923000000000e+11
6.104173075000000000e+08,3.205618294000000000e+11,3.205618294000000000e+11
6.821854932000000477e+08,3.525213921000000000e+11,3.525213921000000000e+11
7.600628612000000477e+08,3.876701369000000000e+11,3.876701369000000000e+11
8.438782761000000238e+08,4.263253777000000000e+11,4.263253777000000000e+11
9.155288061000000238e+08,4.688329508000000000e+11,4.688329508000000000e+11
9.542018735000000000e+08,5.155761287000000000e+11,5.155761287000000000e+11
9.950444405000000000e+08,5.669738368000000000e+11,5.669738368000000000e+11
1.037553796000000000e+09,6.234895672000000000e+11,6.234895672000000000e+11
1.082549966000000000e+09,6.856349440000000000e+11,6.856349440000000000e+11
1.132343278000000000e+09,7.539661575000000000e+11,7.539661575000000000e+11
1.186334759000000000e+09,8.291035742000000000e+11,8.291035742000000000e+11
1.246849000000000000e+09,9.117228230000000000e+11,9.117228230000000000e+11
1.314178358000000000e+09,1.002569056000000000e+12,1.002569056000000000e+12
1.389301513000000000e+09,1.102462299000000000e+12,1.102462299000000000e+12
1.474318442000000000e+09,1.212301012000000000e+12,1.212301012000000000e+12
1.569218449000000000e+09,1.333079922000000000e+12,1.333079922000000000e+12
1.676971448000000000e+09,1.465886451000000000e+12,1.465886451000000000e+12
1.798188892000000000e+09,1.611918549000000000e+12,1.611918549000000000e+12
1.935222113000000000e+09,1.772493603000000000e+12,1.772493603000000000e+12
2.090598925000000000e+09,1.949055569000000000e+12,1.949055569000000000e+12
2.265888070000000000e+09,2.143223104000000000e+12,2.143223104000000000e+12
2.464672699000000000e+09,2.356696867000000000e+12,2.356696867000000000e+12
2.689573325000000000e+09,2.591455614000000000e+12,2.591455614000000000e+12
2.943923526000000000e+09,2.849602885000000000e+12,2.849602885000000000e+12
3.232215610000000000e+09,3.133438313000000000e+12,3.133438313000000000e+12
3.558567525000000000e+09,3.445564587000000000e+12,3.445564587000000000e+12
3.929236415000000000e+09,3.788780484000000000e+12,3.788780484000000000e+12
4.350212025000000000e+09,4.166187836000000000e+12,4.166187836000000000e+12
4.829712424000000000e+09,4.581191528000000000e+12,4.581191528000000000e+12
5.379289264000000000e+09,5.037535149000000000e+12,5.037535149000000000e+12
6.012098587000000000e+09,5.539354476000000000e+12,5.539354476000000000e+12
6.745289603000000000e+09,6.091159643000000000e+12,6.091159643000000000e+12
7.607313595000000000e+09,6.697959929000000000e+12,6.697959929000000000e+12
8.622379111000000000e+09,7.365228108000000000e+12,7.365228108000000000e+12
1.000000000000000000e+10,7.721187566000000000e+12,7.932104713000000000e+12
1.028073224000000000e+10,7.833785868000000000e+12,8.047631194000000000e+12
1.056934554000000000e+10,7.950887928000000000e+12,8.167774469000000000e+12
1.086606114000000000e+10,8.072226841000000000e+12,8.292260317000000000e+12
1.117110651000000000e+10,8.197551376000000000e+12,8.420830617000000000e+12
1.148471548000000000e+10,8.326636720000000000e+12,8.553254369000000000e+12
1.180712847000000000e+10,8.459292425000000000e+12,8.689335847000000000e+12
1.213859263000000000e+10,8.595373956000000000e+12,8.828926439000000000e+12
1.247936205000000000e+10,8.734785537000000000e+12,8.971927566000000000e+12
1.282969798000000000e+10,8.877483294000000000e+12,9.118293894000000000e+12
1.318986896000000000e+10,9.023474379000000000e+12,9.268032428000000000e+12
1.356015111000000000e+10,9.172814351000000000e+12,9.421199820000000000e+12
1.394082826000000000e+10,9.325603502000000000e+12,9.577898592000000000e+12
1.433219226000000000e+10,9.481982430000000000e+12,9.738272590000000000e+12
1.473454310000000000e+10,9.642124924000000000e+12,9.902499675000000000e+12
1.514818922000000000e+10,9.806231740000000000e+12,1.007078534000000000e+13
1.557344773000000000e+10,9.974526318000000000e+12,1.024335831000000000e+13
1.601064461000000000e+10,1.014724420000000000e+13,1.042045970000000000e+13
1.646011502000000000e+10,1.032463252000000000e+13,1.060234244000000000e+13
1.692220352000000000e+10,1.050694181000000000e+13,1.078926296000000000e+13
1.739726432000000000e+10,1.069442346000000000e+13,1.098147848000000000e+13
1.788566162000000000e+10,1.088732753000000000e+13,1.117924485000000000e+13
1.838776980000000000e+10,1.108589808000000000e+13,1.138281173000000000e+13
1.890397378000000000e+10,1.129038089000000000e+13,1.159243048000000000e+13
1.943466927000000000e+10,1.150101715000000000e+13,1.180834775000000000e+13
1.998026309000000000e+10,1.171804466000000000e+13,1.203080663000000000e+13
2.054117348000000000e+10,1.194170283000000000e+13,1.226005188000000000e+13
2.111783044000000000e+10,1.217223698000000000e+13,1.249633422000000000e+13
2.171067603000000000e+10,1.240990235000000000e+13,1.273991455000000000e+13
2.232016469000000000e+10,1.265496862000000000e+13,1.299106848000000000e+13
2.294676367000000000e+10,1.290772217000000000e+13,1.325008873000000000e+13
2.359095331000000000e+10,1.316846678000000000e+13,1.351728579000000000e+13
2.425322742000000000e+10,1.343752755000000000e+13,1.379299195000000000e+13
2.493409370000000000e+10,1.371525225000000000e+13,1.407756266000000000e+13
2.563407409000000000e+10,1.400199694000000000e+13,1.437136185000000000e+13
2.635370519000000000e+10,1.429813394000000000e+13,1.467477002000000000e+13
2.709353866000000000e+10,1.460404053000000000e+13,1.498817271000000000e+13
2.785414163000000000e+10,1.492008092000000000e+13,1.531194201000000000e+13
2.863609719000000000e+10,1.524660303000000000e+13,1.564643322000000000e+13
2.944000475000000000e+10,1.558391404000000000e+13,1.599195990000000000e+13
3.026648059000000000e+10,1.593226889000000000e+13,1.634878199000000000e+13
3.111615828000000000e+10,1.629184595000000000e+13,1.671708097000000000e+13
3.198968915000000000e+10,1.666272068000000000e+13,1.709693287000000000e+13
3.288774286000000000e+10,1.704485407000000000e+13,1.748829642000000000e+13
3.381100782000000000e+10,1.743806782000000000e+13,1.789098771000000000e+13
3.476019182000000000e+10,1.784203020000000000e+13,1.830466563000000000e+13
3.573602246000000000e+10,1.825625475000000000e+13,1.872883073000000000e+13
3.673924782000000000e+10,1.868007595000000000e+13,1.916280016000000000e+13
3.777063695000000000e+10,1.911266206000000000e+13,1.960572100000000000e+13
3.883098049000000000e+10,1.955303159000000000e+13,2.005658709000000000e+13
3.992109130000000000e+10,2.000006643000000000e+13,2.051425253000000000e+13
4.104180503000000000e+10,2.045253765000000000e+13,2.097745816000000000e+13
4.219398081000000000e+10,2.090914046000000000e+13,2.144486733000000000e+13
4.337850188000000000e+10,2.136854481000000000e+13,2.191511774000000000e+13
4.459627627000000000e+10,2.182943105000000000e+13,2.238685802000000000e+13
4.584823751000000000e+10,2.229052608000000000e+13,2.285878466000000000e+13
4.713534535000000000e+10,2.275065565000000000e+13,2.332969556000000000e+13
4.845858645000000000e+10,2.320878229000000000e+13,2.379852884000000000e+13
4.981897519000000000e+10,2.366402769000000000e+13,2.426438571000000000e+13
5.121755443000000000e+10,2.411570985000000000e+13,2.472656839000000000e+13
5.265539630000000000e+10,2.456335603000000000e+13,2.518459343000000000e+13
5.413360303000000000e+10,2.500669940000000000e+13,2.563818809000000000e+13
5.565330778000000000e+10,2.544568485000000000e+13,2.608729634000000000e+13
5.721567555000000000e+10,2.588047389000000000e+13,2.653208374000000000e+13
5.882190402000000000e+10,2.631143266000000000e+13,2.697292515000000000e+13
6.047322449000000000e+10,2.673911452000000000e+13,2.741038687000000000e+13
6.217090286000000000e+10,2.716424281000000000e+13,2.784520896000000000e+13
6.391624053000000000e+10,2.758770021000000000e+13,2.827829425000000000e+13
6.571057546000000000e+10,2.801051857000000000e+13,2.871069799000000000e+13
6.755528315000000000e+10,2.843387142000000000e+13,2.914362008000000000e+13
6.945177774000000000e+10,2.885906438000000000e+13,2.957839523000000000e+13
7.140151304000000000e+10,2.928752165000000000e+13,3.001647914000000000e+13
7.340598370000000000e+10,2.972079231000000000e+13,3.045945488000000000e+13
7.546672631000000000e+10,3.016055188000000000e+13,3.090903446000000000e+13
7.758532061000000000e+10,3.060860348000000000e+13,3.136705996000000000e+13
7.976339068000000000e+10,3.106689663000000000e+13,3.183552271000000000e+13
8.200260620000000000e+10,3.153753288000000000e+13,3.231656904000000000e+13
8.430468372000000000e+10,3.202277019000000000e+13,3.281250465000000000e+13
8.667138797000000000e+10,3.252505718000000000e+13,3.332582962000000000e+13
8.910453325000000000e+10,3.304704360000000000e+13,3.385924902000000000e+13
9.160598475000000000e+10,3.359159133000000000e+13,3.441568412000000000e+13
9.417766007000000000e+10,3.416179314000000000e+13,3.499829146000000000e+13
9.682153060000000000e+10,3.476099846000000000e+13,3.561048918000000000e+13
9.953962310000000000e+10,3.539280540000000000e+13,3.625594875000000000e+13
1.023340212000000000e+11,3.606105924000000000e+13,3.693859340000000000e+13
1.052068671000000000e+11,3.676985446000000000e+13,3.766260008000000000e+13
1.081603630000000000e+11,3.752349776000000000e+13,3.843236174000000000e+13
1.111967731000000000e+11,3.832645010000000000e+13,3.925242800000000000e+13
1.143184250000000000e+11,3.918326696000000000e+13,4.012744412000000000e+13
1.175277117000000000e+11,4.009852704000000000e+13,4.106207825000000000e+13
1.208270935000000000e+11,4.107665339000000000e+13,4.206083869000000000e+13
1.242190995000000000e+11,4.212178744000000000e+13,4.312794537000000000e+13
1.277063301000000000e+11,4.323761648000000000e+13,4.426715367000000000e+13
1.312914585000000000e+11,4.442710205000000000e+13,4.548147730000000000e+13
1.349772330000000000e+11,4.569230493000000000e+13,4.677300964000000000e+13
1.387664791000000000e+11,4.703412451000000000e+13,4.814265792000000000e+13
1.426621015000000000e+11,4.845207931000000000e+13,4.958991932000000000e+13
1.466670866000000000e+11,4.994414818000000000e+13,5.111271923000000000e+13
1.507845046000000000e+11,5.150663787000000000e+13,5.270727637000000000e+13
1.550175117000000000e+11,5.313416400000000000e+13,5.436808388000000000e+13
1.593693530000000000e+11,5.481968602000000000e+13,5.608794551000000000e+13
1.638433646000000000e+11,5.655467470000000000e+13,5.785814714000000000e+13
1.684429760000000000e+11,5.832940120000000000e+13,5.966875242000000000e+13
1.731717134000000000e+11,6.013326028000000000e+13,6.150893307000000000e+13
1.780332016000000000e+11,6.195521328000000000e+13,6.336742133000000000e+13
1.830311676000000000e+11,6.378425230000000000e+13,6.523298384000000000e+13
1.881694425000000000e+11,6.560982497000000000e+13,6.709485502000000000e+13
1.934519654000000000e+11,6.742231141000000000e+13,6.894322346000000000e+13
1.988827857000000000e+11,6.921333044000000000e+13,7.076954381000000000e+13
2.044660667000000000e+11,7.097602232000000000e+13,7.256682476000000000e+13
2.102060883000000000e+11,7.270521299000000000e+13,7.432979569000000000e+13
2.161072509000000000e+11,7.439744820000000000e+13,7.605494089000000000e+13
2.221740781000000000e+11,7.605098563000000000e+13,7.774049079000000000e+13
2.284112207000000000e+11,7.766569853000000000e+13,7.938632305000000000e+13
2.348234601000000000e+11,7.924291395000000000e+13,8.099379699000000000e+13
2.414157116000000000e+11,8.078523533000000000e+13,8.256557235000000000e+13
2.481930289000000000e+11,8.229635199000000000e+13,8.410541453000000000e+13
2.551606074000000000e+11,8.378078410000000000e+13,8.561793449000000000e+13
2.623237882000000000e+11,8.524369703000000000e+13,8.710839918000000000e+13
2.696880626000000000e+11,8.669074664000000000e+13,8.858257379000000000e+13
2.772590760000000000e+11,8.812789046000000000e+13,9.004652914000000000e+13
2.850426321000000000e+11,8.956120079000000000e+13,9.150645133000000000e+13
2.930446977000000000e+11,9.099672933000000000e+13,9.296850366000000000e+13
3.012714071000000000e+11,9.244035807000000000e+13,9.443867492000000000e+13
3.097290667000000000e+11,9.389763791000000000e+13,9.592261497000000000e+13
3.184241602000000000e+11,9.537360501000000000e+13,9.742544796000000000e+13
3.273633529000000000e+11,9.687262814000000000e+13,9.895161698000000000e+13
3.365534976000000000e+11,9.839819944000000000e+13,1.005046713000000000e+14
3.460016392000000000e+11,9.995273133000000000e+13,1.020870601000000000e+14
3.557150207000000000e+11,1.015374024000000000e+14,1.036999756000000000e+14
3.657010881000000000e+11,1.031519192000000000e+14,1.053431113000000000e+14
3.759674966000000000e+11,1.047944073000000000e+14,1.070145521000000000e+14
3.865221163000000000e+11,1.064612890000000000e+14,1.087106494000000000e+14
3.973730381000000000e+11,1.081472647000000000e+14,1.104260042000000000e+14
4.085285804000000000e+11,1.098454186000000000e+14,1.121535741000000000e+14
4.199972947000000000e+11,1.115473537000000000e+14,1.138848124000000000e+14
4.317879727000000000e+11,1.132434970000000000e+14,1.156099784000000000e+14
4.439096531000000000e+11,1.149234558000000000e+14,1.173185012000000000e+14
4.563716282000000000e+11,1.165764760000000000e+14,1.189994456000000000e+14
4.691834511000000000e+11,1.181919667000000000e+14,1.206420458000000000e+14
4.823549431000000000e+11,1.197599827000000000e+14,1.222361966000000000e+14
4.958962014000000000e+11,1.212716627000000000e+14,1.237728981000000000e+14
5.098176064000000000e+11,1.227196306000000000e+14,1.252446633000000000e+14
5.241298302000000000e+11,1.240982768000000000e+14,1.266458035000000000e+14
5.388438443000000000e+11,1.254038862000000000e+14,1.279725578000000000e+14
5.539709281000000000e+11,1.266346686000000000e+14,1.292231222000000000e+14
5.695226780000000000e+11,1.277906822000000000e+14,1.303975721000000000e+14
5.855110156000000000e+11,1.288736681000000000e+14,1.314976926000000000e+14
6.019481974000000000e+11,1.298867770000000000e+14,1.325266999000000000e+14
6.188468239000000000e+11,1.308343124000000000e+14,1.334889804000000000e+14
6.362198493000000000e+11,1.317214539000000000e+14,1.343898088000000000e+14
6.540805915000000000e+11,1.325539828000000000e+14,1.352350687000000000e+14
6.724427423000000000e+11,1.333380754000000000e+14,1.360310428000000000e+14
6.913203780000000000e+11,1.340800930000000000e+14,1.367841991000000000e+14
7.107279697000000000e+11,1.347864509000000000e+14,1.375010583000000000e+14
7.306803951000000000e+11,1.354635348000000000e+14,1.381881082000000000e+14
7.511929493000000000e+11,1.361176364000000000e+14,1.388517387000000000e+14
7.722813571000000000e+11,1.367549420000000000e+14,1.394982302000000000e+14
7.939617845000000000e+11,1.373815375000000000e+14,1.401337582000000000e+14
8.162508514000000000e+11,1.380034391000000000e+14,1.407644250000000000e+14
8.391656443000000000e+11,1.386266330000000000e+14,1.413962995000000000e+14
8.627237292000000000e+11,1.392571373000000000e+14,1.420354797000000000e+14
8.869431656000000000e+11,1.399010557000000000e+14,1.426881475000000000e+14
9.118425196000000000e+11,1.405646221000000000e+14,1.433606130000000000e+14
9.374408788000000000e+11,1.412542399000000000e+14,1.440593548000000000e+14
9.637578664000000000e+11,1.419764894000000000e+14,1.447910268000000000e+14
9.908136567000000000e+11,1.427381319000000000e+14,1.455624620000000000e+14
1.018628990000000000e+12,1.435460893000000000e+14,1.463806519000000000e+14
1.047225190000000000e+12,1.444073478000000000e+14,1.472526484000000000e+14
1.076624177000000000e+12,1.453288484000000000e+14,1.481854529000000000e+14
1.106848489000000000e+12,1.463173213000000000e+14,1.491858487000000000e+14
1.137921294000000000e+12,1.473791043000000000e+14,1.502602165000000000e+14
1.169866413000000000e+12,1.485198945000000000e+14,1.514142847000000000e+14
1.202708335000000000e+12,1.497444652000000000e+14,1.526528422000000000e+14
1.236472235000000000e+12,1.510564667000000000e+14,1.539795386000000000e+14
1.271183997000000000e+12,1.524581539000000000e+14,1.553966090000000000e+14
1.306870230000000000e+12,1.539502109000000000e+14,1.569046983000000000e+14
1.343558290000000000e+12,1.555316283000000000e+14,1.585027386000000000e+14
1.381276303000000000e+12,1.571996286000000000e+14,1.601878752000000000e+14
1.420053182000000000e+12,1.589497961000000000e+14,1.619555999000000000e+14
1.459918652000000000e+12,1.607762107000000000e+14,1.637998874000000000e+14
1.500903276000000000e+12,1.626716849000000000e+14,1.657134360000000000e+14
1.543038469000000000e+12,1.646281518000000000e+14,1.676880615000000000e+14
1.586356534000000000e+12,1.666370211000000000e+14,1.697150565000000000e+14
1.630890676000000000e+12,1.686895414000000000e+14,1.717855574000000000e+14
1.676675035000000000e+12,1.707772337000000000e+14,1.738909813000000000e+14
1.723744708000000000e+12,1.728921879000000000e+14,1.760233253000000000e+14
1.772135779000000000e+12,1.750273539000000000e+14,1.781754594000000000e+14
1.821885343000000000e+12,1.771767799000000000e+14,1.803413656000000000e+14
1.873031539000000000e+12,1.793357047000000000e+14,1.825162303000000000e+14
1.925613572000000000e+12,1.815006495000000000e+14,1.846965351000000000e+14
1.979671753000000000e+12,1.836693901000000000e+14,1.868800274000000000e+14
2.035247521000000000e+12,1.858409848000000000e+14,1.890657473000000000e+14
2.092383480000000000e+12,1.880156559000000000e+14,1.912539068000000000e+14
2.151123430000000000e+12,1.901946551000000000e+14,1.934457528000000000e+14
2.211512400000000000e+12,1.923801940000000000e+14,1.956434962000000000e+14
2.273596682000000000e+12,1.945753240000000000e+14,1.978501896000000000e+14
2.337423871000000000e+12,1.967837781000000000e+14,2.000695676000000000e+14
2.403042894000000000e+12,1.990098990000000000e+14,2.023059729000000000e+14
2.470504055000000000e+12,2.012585708000000000e+14,2.045642876000000000e+14
2.539859069000000000e+12,2.035351244000000000e+14,2.068498369000000000e+14
2.611161101000000000e+12,2.058452769000000000e+14,2.091683274000000000e+14
2.684464811000000000e+12,2.081950654000000000e+14,2.115257804000000000e+14
2.759826392000000000e+12,2.105908630000000000e+14,2.139285471000000000e+14
2.837303617000000000e+12,2.130393621000000000e+14,2.163832909000000000e+14
2.916955876000000000e+12,2.155475106000000000e+14,2.188969235000000000e+14
2.998844231000000000e+12,2.181225720000000000e+14,2.214766640000000000e+14
3.083031457000000000e+12,2.207722143000000000e+14,2.241301272000000000e+14
3.169582089000000000e+12,2.235044153000000000e+14,2.268652284000000000e+14
3.258562476000000000e+12,2.263275539000000000e+14,2.296902738000000000e+14
3.350040830000000000e+12,2.292505024000000000e+14,2.326140518000000000e+14
3.444087276000000000e+12,2.322825615000000000e+14,2.356457674000000000e+14
3.540773909000000000e+12,2.354335332000000000e+14,2.387951139000000000e+14
3.640174847000000000e+12,2.387138093000000000e+14,2.420723604000000000e+14
3.742366291000000000e+12,2.421343466000000000e+14,2.454883255000000000e+14
3.847426577000000000e+12,2.457065938000000000e+14,2.490543038000000000e+14
3.955436245000000000e+12,2.494424393000000000e+14,2.527820122000000000e+14
4.066478092000000000e+12,2.533541748000000000e+14,2.566835527000000000e+14
4.180637241000000000e+12,2.574543251000000000e+14,2.607712421000000000e+14
4.298001206000000000e+12,2.617554639000000000e+14,2.650574278000000000e+14
4.418659956000000000e+12,2.662698878000000000e+14,2.695541625000000000e+14
4.542705986000000000e+12,2.710092676000000000e+14,2.742728576000000000e+14
4.670234388000000000e+12,2.759841760000000000e+14,2.792238139000000000e+14
4.801342924000000000e+12,2.812036010000000000e+14,2.844157399000000000e+14
4.936132098000000000e+12,2.866743756000000000e+14,2.898551872000000000e+14
5.074705239000000000e+12,2.924003981000000000e+14,2.955457790000000000e+14
5.217168576000000000e+12,2.983819396000000000e+14,3.014875284000000000e+14
5.363631317000000000e+12,3.046149502000000000e+14,3.076761555000000000e+14
5.514205739000000000e+12,3.110905067000000000e+14,3.141025479000000000e+14
5.669007271000000000e+12,3.177940216000000000e+14,3.207519844000000000e+14
5.828154581000000000e+12,3.247048424000000000e+14,3.276037495000000000e+14
5.991769669000000000e+12,3.317962363000000000e+14,3.346311294000000000e+14
6.159977960000000000e+12,3.390353825000000000e+14,3.418014164000000000e+14
6.332908400000000000e+12,3.463836568000000000e+14,3.490762029000000000e+14
6.510693555000000000e+12,3.537974923000000000e+14,3.564122452000000000e+14
6.693469713000000000e+12,3.612295008000000000e+14,3.637625828000000000e+14
6.881376986000000000e+12,3.686296672000000000e+14,3.710777276000000000e+14
7.074559423000000000e+12,3.759470211000000000e+14,3.783073219000000000e+14
7.273165113000000000e+12,3.831312766000000000e+14,3.854017604000000000e+14
7.477346305000000000e+12,3.901345389000000000e+14,3.923138745000000000e+14
7.687259522000000000e+12,3.969128987000000000e+14,3.990005018000000000e+14
7.903065679000000000e+12,4.034277565000000000e+14,4.054237842000000000e+14
8.124930211000000000e+12,4.096470390000000000e+14,4.115523570000000000e+14
8.353023195000000000e+12,4.155459448000000000e+14,4.173620706000000000e+14
8.587519485000000000e+12,4.211072045000000000e+14,4.228362328000000000e+14
8.828598841000000000e+12,4.263209404000000000e+14,4.279654546000000000e+14
9.076446073000000000e+12,4.311845162000000000e+14,4.327474880000000000e+14
9.331251175000000000e+12,4.357019206000000000e+14,4.371866049000000000e+14
9.593209478000000000e+12,4.398827236000000000e+14,4.412925577000000000e+14
9.862521795000000000e+12,4.437412507000000000e+14,4.450797564000000000e+14
1.013939458000000000e+13,4.472955138000000000e+14,4.485662087000000000e+14
1.042404007000000000e+13,4.505662835000000000e+14,4.517726021000000000e+14
1.071667648000000000e+13,4.535761619000000000e+14,4.547213879000000000e+14
1.101752814000000000e+13,4.563486636000000000e+14,4.574358763000000000e+14
1.132682567000000000e+13,4.589075538000000000e+14,4.599395855000000000e+14
1.164480618000000000e+13,4.612762744000000000e+14,4.622556789000000000e+14
1.197171343000000000e+13,4.634775398000000000e+14,4.644065690000000000e+14
1.230779803000000000e+13,4.655330096000000000e+14,4.664135990000000000e+14
1.265331759000000000e+13,4.674631135000000000e+14,4.682968732000000000e+14
1.300853701000000000e+13,4.692869767000000000e+14,4.700751854000000000e+14
1.337372858000000000e+13,4.710223766000000000e+14,4.717659801000000000e+14
1.374917226000000000e+13,4.726858235000000000e+14,4.733854323000000000e+14
1.413515585000000000e+13,4.742926473000000000e+14,4.749485349000000000e+14
1.453197524000000000e+13,4.758571392000000000e+14,4.764692382000000000e+14
1.493993464000000000e+13,4.773927102000000000e+14,4.779606057000000000e+14
1.535934677000000000e+13,4.789120554000000000e+14,4.794349751000000000e+14
1.579053314000000000e+13,4.804273664000000000e+14,4.809041652000000000e+14
1.623382432000000000e+13,4.819504821000000000e+14,4.823796217000000000e+14
1.668956010000000000e+13,4.834930402000000000e+14,4.838725647000000000e+14
1.715808986000000000e+13,4.850666423000000000e+14,4.853941470000000000e+14
1.763977275000000000e+13,4.866829915000000000e+14,4.869555856000000000e+14
1.813497804000000000e+13,4.883539526000000000e+14,4.885682186000000000e+14
1.864408534000000000e+13,4.900916211000000000e+14,4.902435691000000000e+14
1.916748492000000000e+13,4.919083277000000000e+14,4.919933472000000000e+14
1.970557802000000000e+13,4.938164978000000000e+14,4.938293122000000000e+14
2.025877712000000000e+13,4.958285053000000000e+14,4.957631303000000000e+14
2.082750630000000000e+13,4.979564209000000000e+14,4.978061313000000000e+14
2.141220155000000000e+13,5.002115997000000000e+14,4.999689126000000000e+14
2.201331107000000000e+13,5.026042110000000000e+14,5.022608904000000000e+14
2.263129568000000000e+13,5.051426705000000000e+14,5.046897598000000000e+14
2.326662911000000000e+13,5.078330224000000000e+14,5.072609111000000000e+14
2.391979840000000000e+13,5.106783562000000000e+14,5.099768832000000000e+14
2.459130425000000000e+13,5.136781729000000000e+14,5.128367713000000000e+14
2.528166144000000000e+13,5.168280631000000000e+14,5.158359385000000000e+14
2.599139918000000000e+13,5.201195187000000000e+14,5.189658551000000000e+14
2.672106155000000000e+13,5.235398804000000000e+14,5.222140699000000000e+14
2.747120789000000000e+13,5.270728047000000000e+14,5.255646758000000000e+14
2.824241326000000000e+13,5.306988812000000000e+14,5.289989146000000000e+14
2.903526885000000000e+13,5.343965357000000000e+14,5.324960496000000000e+14
2.985038245000000000e+13,5.381431690000000000e+14,5.360344557000000000e+14
3.068837892000000000e+13,5.419163191000000000e+14,5.395927238000000000e+14
3.154990065000000000e+13,5.456947743000000000e+14,5.431507111000000000e+14
3.243560807000000000e+13,5.494595858000000000e+14,5.466904895000000000e+14
3.334618016000000000e+13,5.531948585000000000e+14,5.501970779000000000e+14
3.428231494000000000e+13,5.568882580000000000e+14,5.536589024000000000e+14
3.524473004000000000e+13,5.605312813000000000e+14,5.570680299000000000e+14
3.623416323000000000e+13,5.641192738000000000e+14,5.604201637000000000e+14
3.725137301000000000e+13,5.676511877000000000e+14,5.637143946000000000e+14
3.829713914000000000e+13,5.711292136000000000e+14,5.669528367000000000e+14
3.937226330000000000e+13,5.745583629000000000e+14,5.701402174000000000e+14
4.047756966000000000e+13,5.779460007000000000e+14,5.732834265000000000e+14
4.161390553000000000e+13,5.813013786000000000e+14,5.763910659000000000e+14
4.278214202000000000e+13,5.846351379000000000e+14,5.794729766000000000e+14
4.398317467000000000e+13,5.879589743000000000e+14,5.825399181000000000e+14
4.521792417000000000e+13,5.912853165000000000e+14,5.856032626000000000e+14
4.648733708000000000e+13,5.946270273000000000e+14,5.886747134000000000e+14
4.779238650000000000e+13,5.979971765000000000e+14,5.917660902000000000e+14
4.913407286000000000e+13,6.014088714000000000e+14,5.948891708000000000e+14
5.051342469000000000e+13,6.048750441000000000e+14,5.980554929000000000e+14
5.193149937000000000e+13,6.084082647000000000e+14,6.012761832000000000e+14
5.338938397000000000e+13,6.120205309000000000e+14,6.045617661000000000e+14
5.488819610000000000e+13,6.157230117000000000e+14,6.079219332000000000e+14
5.642908471000000000e+13,6.195257989000000000e+14,6.113653220000000000e+14
5.801323104000000000e+13,6.234375651000000000e+14,6.148992144000000000e+14
5.964184946000000000e+13,6.274652119000000000e+14,6.185292287000000000e+14
6.131618845000000000e+13,6.316135121000000000e+14,6.222590122000000000e+14
6.303753153000000000e+13,6.358847277000000000e+14,6.260899149000000000e+14
6.480719826000000000e+13,6.402783464000000000e+14,6.300207760000000000e+14
6.662654525000000000e+13,6.447908615000000000e+14,6.340477518000000000e+14
6.849696716000000000e+13,6.494156973000000000e+14,6.381642766000000000e+14
7.041989785000000000e+13,6.541432880000000000e+14,6.423611629000000000e+14
7.239681141000000000e+13,6.589612537000000000e+14,6.466267868000000000e+14
7.442922330000000000e+13,6.638549512000000000e+14,6.509476031000000000e+14
7.651869155000000000e+13,6.688081591000000000e+14,6.553087739000000000e+14
7.866681790000000000e+13,6.738038281000000000e+14,6.596948460000000000e+14
8.087524909000000000e+13,6.788248787000000000e+14,6.640904610000000000e+14
8.314567806000000000e+13,6.838551126000000000e+14,6.684811546000000000e+14
8.547984529000000000e+13,6.888800840000000000e+14,6.728541096000000000e+14
8.787954012000000000e+13,6.938877410000000000e+14,6.771986974000000000e+14
9.034660212000000000e+13,6.988689396000000000e+14,6.815068997000000000e+14
9.288292250000000000e+13,7.038177233000000000e+14,6.857735211000000000e+14
9.549044558000000000e+13,7.087314463000000000e+14,6.899962610000000000e+14
9.817117023000000000e+13,7.136107182000000000e+14,6.941756314000000000e+14
1.009271515000000000e+14,7.184591494000000000e+14,6.983147021000000000e+14
1.037605020000000000e+14,7.232830109000000000e+14,7.024187769000000000e+14
1.066733938000000000e+14,7.280908677000000000e+14,7.064950505000000000e+14
1.096680598000000000e+14,7.328931711000000000e+14,7.105522353000000000e+14
1.127467958000000000e+14,7.377018751000000000e+14,7.146002132000000000e+14
1.159119619000000000e+14,7.425301243000000000e+14,7.186497529000000000e+14
1.191659843000000000e+14,7.473920301000000000e+14,7.227123052000000000e+14
1.225113577000000000e+14,7.523024987000000000e+14,7.267998439000000000e+14
1.259506464000000000e+14,7.572770745000000000e+14,7.309247225000000000e+14
1.294864871000000000e+14,7.623319927000000000e+14,7.350997052000000000e+14
1.331215903000000000e+14,7.674842705000000000e+14,7.393380289000000000e+14
1.368587425000000000e+14,7.727517973000000000e+14,7.436534625000000000e+14
1.407008086000000000e+14,7.781535257000000000e+14,7.480604467000000000e+14
1.446507339000000000e+14,7.837097573000000000e+14,7.525743071000000000e+14
1.487115463000000000e+14,7.894425044000000000e+14,7.572115233000000000e+14
1.528863588000000000e+14,7.953757804000000000e+14,7.619899337000000000e+14
1.571783718000000000e+14,8.015360476000000000e+14,7.669290609000000000e+14
1.615908754000000000e+14,8.079526700000000000e+14,7.720504323000000000e+14
1.661272522000000000e+14,8.146583590000000000e+14,7.773778862000000000e+14
1.707909797000000000e+14,8.216896467000000000e+14,7.829378902000000000e+14
1.755856331000000000e+14,8.290873388000000000e+14,7.887598340000000000e+14
1.805148879000000000e+14,8.368969665000000000e+14,7.948763123000000000e+14
1.855825228000000000e+14,8.451690004000000000e+14,8.013232125000000000e+14
1.907924225000000000e+14,8.539590565000000000e+14,8.081397911000000000e+14
1.961485809000000000e+14,8.633278775000000000e+14,8.153685724000000000e+14
2.016551039000000000e+14,8.733411126000000000e+14,8.230550931000000000e+14
2.073162127000000000e+14,8.840687128000000000e+14,8.312473569000000000e+14
2.131362472000000000e+14,8.955840302000000000e+14,8.399950778000000000e+14
2.191196688000000000e+14,9.079626364000000000e+14,8.493487294000000000e+14
2.252710643000000000e+14,9.212806620000000000e+14,8.593582612000000000e+14
2.315951493000000000e+14,9.356129000000000000e+14,8.700716724000000000e+14
2.380967717000000000e+14,9.510304537000000000e+14,8.815332906000000000e+14
2.447809157000000000e+14,9.675985611000000000e+14,8.937822296000000000e+14
2.516527051000000000e+14,9.853742625000000000e+14,9.068507809000000000e+14
2.587174079000000000e+14,1.004403733000000000e+15,9.207626099000000000e+14
2.659804396000000000e+14,1.024720057000000000e+15,9.355313277000000000e+14
2.734473680000000000e+14,1.046341731000000000e+15,9.511596410000000000e+14
2.811239171000000000e+14,1.069271093000000000e+15,9.676384731000000000e+14
2.890159718000000000e+14,1.093493201000000000e+15,9.849464406000000000e+14
2.971295819000000000e+14,1.118975631000000000e+15,1.003049999000000000e+15
3.054709671000000000e+14,1.145668377000000000e+15,1.021903670000000000e+15
3.140465219000000000e+14,1.173505015000000000e+15,1.041451136000000000e+15
3.228628203000000000e+14,1.202403633000000000e+15,1.061626164000000000e+15
3.319266205000000000e+14,1.232268267000000000e+15,1.082353839000000000e+15
3.412448708000000000e+14,1.262991098000000000e+15,1.103552297000000000e+15
3.508247144000000000e+14,1.294455109000000000e+15,1.125134721000000000e+15
3.606734952000000000e+14,1.326536472000000000e+15,1.147011104000000000e+15
3.707987629000000000e+14,1.359106993000000000e+15,1.169089991000000000e+15
3.812082796000000000e+14,1.392037266000000000e+15,1.191280657000000000e+15
3.919100249000000000e+14,1.425199046000000000e+15,1.213494693000000000e+15
4.029122028000000000e+14,1.458468331000000000e+15,1.235648027000000000e+15
4.142232472000000000e+14,1.491727716000000000e+15,1.257662396000000000e+15
4.258518292000000000e+14,1.524868519000000000e+15,1.279466627000000000e+15
4.378068629000000000e+14,1.557793284000000000e+15,1.300998131000000000e+15
4.500975130000000000e+14,1.590416880000000000e+15,1.322203426000000000e+15
4.627332012000000000e+14,1.622668096000000000e+15,1.343038979000000000e+15
4.757236139000000000e+14,1.654490580000000000e+15,1.363471579000000000e+15
4.890787094000000000e+14,1.685842601000000000e+15,1.383477961000000000e+15
5.028087255000000000e+14,1.716696993000000000e+15,1.403044538000000000e+15
5.169241874000000000e+14,1.747041194000000000e+15,1.422167203000000000e+15
5.314359158000000000e+14,1.776876353000000000e+15,1.440850542000000000e+15
5.463550352000000000e+14,1.806215925000000000e+15,1.459106750000000000e+15
5.616929824000000000e+14,1.835084905000000000e+15,1.476954967000000000e+15
5.774615152000000000e+14,1.863517998000000000e+15,1.494419972000000000e+15
5.936727216000000000e+14,1.891558114000000000e+15,1.511531119000000000e+15
6.103390288000000000e+14,1.919255157000000000e+15,1.528321468000000000e+15
6.274732130000000000e+14,1.946664630000000000e+15,1.544826837000000000e+15
6.450884089000000000e+14,1.973846067000000000e+15,1.561084776000000000e+15
6.631981202000000000e+14,2.000861882000000000e+15,1.577133814000000000e+15
6.818162295000000000e+14,2.027776505000000000e+15,1.593012905000000000e+15
7.009570091000000000e+14,2.054655478000000000e+15,1.608760858000000000e+15
7.206351321000000000e+14,2.081564471000000000e+15,1.624415753000000000e+15
7.408656835000000000e+14,2.108569015000000000e+15,1.640014770000000000e+15
7.616641717000000000e+14,2.135734176000000000e+15,1.655594014000000000e+15
7.830465404000000000e+14,2.163123965000000000e+15,1.671188173000000000e+15
8.050291812000000000e+14,2.190801517000000000e+15,1.686830640000000000e+15
8.276289456000000000e+14,2.218829161000000000e+15,1.702553564000000000e+15
8.508631583000000000e+14,2.247268418000000000e+15,1.718387854000000000e+15
8.747496302000000000e+14,2.276180311000000000e+15,1.734363371000000000e+15
8.993066723000000000e+14,2.305625769000000000e+15,1.750509149000000000e+15
9.245531098000000000e+14,2.335666083000000000e+15,1.766853646000000000e+15
9.505082962000000000e+14,2.366363456000000000e+15,1.783425033000000000e+15
9.771921284000000000e+14,2.397781645000000000e+15,1.800251526000000000e+15
1.004625062000000000e+15,2.429986825000000000e+15,1.817361811000000000e+15
1.032828126000000000e+15,2.463048423000000000e+15,1.834785453000000000e+15
1.061822941000000000e+15,2.497040164000000000e+15,1.852553379000000000e+15
1.091631734000000000e+15,2.532041169000000000e+15,1.870698381000000000e+15
1.122277356000000000e+15,2.568137240000000000e+15,1.889255688000000000e+15
1.153783300000000000e+15,2.605422264000000000e+15,1.908263568000000000e+15
1.186173716000000000e+15,2.643999796000000000e+15,1.927763997000000000e+15
1.219473437000000000e+15,2.683984583000000000e+15,1.947803258000000000e+15
1.253707987000000000e+15,2.725504099000000000e+15,1.968432528000000000e+15
1.288903612000000000e+15,2.768700193000000000e+15,1.989708473000000000e+15
1.325087292000000000e+15,2.813730068000000000e+15,2.011693496000000000e+15
1.362286764000000000e+15,2.860767215000000000e+15,2.034455941000000000e+15
1.400530545000000000e+15,2.910001422000000000e+15,2.058069836000000000e+15
1.439847953000000000e+15,2.961637658000000000e+15,2.082614109000000000e+15
1.480269127000000000e+15,3.015893727000000000e+15,2.108171251000000000e+15
1.521825053000000000e+15,3.072996378000000000e+15,2.134825318000000000e+15
1.564547589000000000e+15,3.133175161000000000e+15,2.162658973000000000e+15
1.608469483000000000e+15,3.196654069000000000e+15,2.191749658000000000e+15
1.653624407000000000e+15,3.263641910000000000e+15,2.222165358000000000e+15
1.700046975000000000e+15,3.334320878000000000e+15,2.253959774000000000e+15
1.747772774000000000e+15,3.408833669000000000e+15,2.287167070000000000e+15
1.796838391000000000e+15,3.487271744000000000e+15,2.321797396000000000e+15
1.847281437000000000e+15,3.569664850000000000e+15,2.357833193000000000e+15
1.899140582000000000e+15,3.655974094000000000e+15,2.395227230000000000e+15
1.952455581000000000e+15,3.746087808000000000e+15,2.433901957000000000e+15
2.007267304000000000e+15,3.839824022000000000e+15,2.473751731000000000e+15
2.063617768000000000e+15,3.936938477000000000e+15,2.514647283000000000e+15
2.121550171000000000e+15,4.037136059000000000e+15,2.556441439000000000e+15
2.181108924000000000e+15,4.140087657000000000e+15,2.598976816000000000e+15
2.242339683000000000e+15,4.245449415000000000e+15,2.642094157000000000e+15
2.305289387000000000e+15,4.352882179000000000e+15,2.685640360000000000e+15
2.370006292000000000e+15,4.462070149000000000e+15,2.729475795000000000e+15
2.436540009000000000e+15,4.572736729000000000e+15,2.773480175000000000e+15
2.504941542000000000e+15,4.684656108000000000e+15,2.817556438000000000e+15
2.575263327000000000e+15,4.797661192000000000e+15,2.861633014000000000e+15
2.647559271000000000e+15,4.911647401000000000e+15,2.905664366000000000e+15
2.721884795000000000e+15,5.026572442000000000e+15,2.949629935000000000e+15
2.798296876000000000e+15,5.142453015000000000e+15,2.993531959000000000e+15
2.876854090000000000e+15,5.259359843000000000e+15,3.037392733000000000e+15
2.957616659000000000e+15,5.377410708000000000e+15,3.081251243000000000e+15
3.040646493000000000e+15,5.496764513000000000e+15,3.125160312000000000e+15
3.126007243000000000e+15,5.617614335000000000e+15,3.169183506000000000e+15
3.213764344000000000e+15,5.740181519000000000e+15,3.213392540000000000e+15
3.303985070000000000e+15,5.864712006000000000e+15,3.257865602000000000e+15
3.396738582000000000e+15,5.991472014000000000e+15,3.302685513000000000e+15
3.492095985000000000e+15,6.120745293000000000e+15,3.347938528000000000e+15
3.590130377000000000e+15,6.252831900000000000e+15,3.393713706000000000e+15
3.690916911000000000e+15,6.388046881000000000e+15,3.440102283000000000e+15
3.794532847000000000e+15,6.526719570000000000e+15,3.487197273000000000e+15
3.901057617000000000e+15,6.669192623000000000e+15,3.535093002000000000e+15
4.010572881000000000e+15,6.815821404000000000e+15,3.583884779000000000e+15
4.123162591000000000e+15,6.966972004000000000e+15,3.633668126000000000e+15
4.238913057000000000e+15,7.123018115000000000e+15,3.684537678000000000e+15
4.357913012000000000e+15,7.284335907000000000e+15,3.736585496000000000e+15
4.480253680000000000e+15,7.451296268000000000e+15,3.789898616000000000e+15
4.606028844000000000e+15,7.624255083000000000e+15,3.844556121000000000e+15
4.735334923000000000e+15,7.803538736000000000e+15,3.900624868000000000e+15
4.868271040000000000e+15,7.989426619000000000e+15,3.958154525000000000e+15
5.004939103000000000e+15,8.182133061000000000e+15,4.017172698000000000e+15
5.145443878000000000e+15,8.381784476000000000e+15,4.077678888000000000e+15
5.289893076000000000e+15,8.588395842000000000e+15,4.139638588000000000e+15
5.438397428000000000e+15,8.801852816000000000e+15,4.202979393000000000e+15
5.591070777000000000e+15,9.021897929000000000e+15,4.267588545000000000e+15
5.748030158000000000e+15,9.248123612000000000e+15,4.333312640000000000e+15
5.909395895000000000e+15,9.479978298000000000e+15,4.399961155000000000e+15
6.075291689000000000e+15,9.716786647000000000e+15,4.467313843000000000e+15
6.245844712000000000e+15,9.957785031000000000e+15,4.535132092000000000e+15
6.421185709000000000e+15,1.020216718000000000e+16,4.603172532000000000e+15
6.601449093000000000e+15,1.044913899000000000e+16,4.671202495000000000e+15
6.786773051000000000e+15,1.069797584000000000e+16,4.739015312000000000e+15
6.977299650000000000e+15,1.094807480000000000e+16,4.806443468000000000e+15
7.173174944000000000e+15,1.119899843000000000e+16,4.873368733000000000e+15
7.374549090000000000e+15,1.145050068000000000e+16,4.939727017000000000e+15
7.581576458000000000e+15,1.170253546000000000e+16,5.005508375000000000e+15
7.794415750000000000e+15,1.195524959000000000e+16,5.070752902000000000e+15
8.013230128000000000e+15,1.220895892000000000e+16,5.135542477000000000e+15
8.238187331000000000e+15,1.246411560000000000e+16,5.199990661000000000e+15
8.469459808000000000e+15,1.272127210000000000e+16,5.264232245000000000e+15
8.707224849000000000e+15,1.298104237000000000e+16,5.328412641000000000e+15
8.951664721000000000e+15,1.324406883000000000e+16,5.392679210000000000e+15
9.202966809000000000e+15,1.351099561000000000e+16,5.457174593000000000e+15
9.461323756000000000e+15,1.378244798000000000e+16,5.522031862000000000e+15
9.726933615000000000e+15,1.405901960000000000e+16,5.587371788000000000e+15
1.000000000000000000e+16,1.434126559000000000e+16,5.653301654000000000e+15
